[GENERAL]


FLAG_DEBUG    =   1
FLAG_VERBOSE  =   0
FLAG_PLOT     =   1
FLAG_PRINT    =   1

SITE          = AUXTEL/Rubin Obs
DATE          = 2023-01-18

inputdir      =   data/20230118/OG550_65mm_1~holo4_003
inputfile     =   run-auxtel-holo-20230118-OG550_65mm_1~holo4_003-PSF2DFFM_REBIN2-oga.pickle


filterdisperser = OG550_65mm_1~holo4_003

normalisationfactor = 1.

filename_auxtelthroughput = ../../../simulation/throughputs/AuxTel-throughput_extended.txt
filename_filterOG550_65mm_1_throughput = ../../../simulation/throughputs/OG550_65mm_1.txt


spectractormode = psf2dffm-rebin2

WLMINSEL      =   500.
WLMAXSEL      =   1050.

MAGLIMMIN     =    26
MAGLIMMAX     =    33
FLUXLIMMIN    =    1e-14
FLUXLIMMAX    =    1e-10



BADEXPOS      = 230 231 277 278 304 351 379 400 448 458 467 476 505 506 576 586 666 667 675


WLBINWIDTH       =     30.

NPOINTSVIEW       =    20
NPOINTSSAVE       =    50

FLAG_CORREC_GREY_ATT = 0
GREY_ATT_COEFS = 0.97208438 0.98043801 0.97992461 0.98141615 0.89896108 0.98438134 0.98824601 0.89326168 0.98097879 0.98779246 0.98811182 0.97814889 0.98473706 0.99176232 0.98908385 0.99196551 0.9895786  1. 0.98938273 0.98628767 0.99765942 0.98034501 0.98301709 0.98633283 0.98421333 0.97980195 0.98286 0.97621447 0.9789302 0.97253789 0.9623599 0.96223011

correction_area = 0.9380530973451329


outputfile_linearfit = fit_atmparam_linearfit-20230118-OG550_65mm_1~holo4_003-config_PSF2DFFM-out.csv
outputfile_gp        = fit_atmparam_gp-20230118-OG550_65mm_1~holo4_003-config_PSF2DFFM-out.csv

holodatadir          =  ../../data/auxtel/DATA



