[GENERAL]


FLAG_DEBUG    =   1
FLAG_VERBOSE  =   0
FLAG_PLOT     =   1
FLAG_PRINT    =   1

SITE          = AUXTEL/Rubin Obs
DATE          = 2023-01-18

inputdir      =   data/20230118/empty~holo4_003
inputfile     =   run-auxtel-holo-20230118-empty~holo4_003-PSF2DFFM_REBIN1-oga.pickle



filterdisperser = empty~holo4_003

normalisationfactor = 1.

filename_auxtelthroughput = ../../../simulation/throughputs/AuxTel-throughput_extended.txt

spectractormode = psf2dffm-rebin1

WLMINSEL      =   350.
WLMAXSEL      =   1050.

MAGLIMMIN     =    26
MAGLIMMAX     =    33
FLUXLIMMIN    =    1e-14
FLUXLIMMAX    =    1e-10



BADEXPOS      = 207 208 226 227 248 249 264 273 300 321 374 396 408 419 431 432 454 463 472 473 501 502 539 540 554 573 591 600 617 626 636 644 645 654 671 672 690 698 707 730 731


WLBINWIDTH       =     30.

NPOINTSVIEW       =    20
NPOINTSSAVE       =    50

FLAG_CORREC_GREY_ATT = 0
GREY_ATT_COEFS = 0.97208438 0.98043801 0.97992461 0.98141615 0.89896108 0.98438134 0.98824601 0.89326168 0.98097879 0.98779246 0.98811182 0.97814889 0.98473706 0.99176232 0.98908385 0.99196551 0.9895786  1. 0.98938273 0.98628767 0.99765942 0.98034501 0.98301709 0.98633283 0.98421333 0.97980195 0.98286 0.97621447 0.9789302 0.97253789 0.9623599 0.96223011

correction_area = 0.9380530973451329


outputfile_linearfit = fit_atmparam_linearfit-20230118-empty~holo4_003-config_PSF2DFFM-out.csv
outputfile_gp        = fit_atmparam_gp-20230118-empty~holo4_003-config_PSF2DFFM-out.csv


holodatadir          =  ../../data/auxtel/DATA



